0 0.048513986013986016 0.7389705882352942 0.051573426573426576 0.3939075630252101
0 0.3361013986013986 0.6307773109243697 0.04020979020979021 0.32668067226890757
0 0.5404283216783217 0.5467436974789915 0.02666083916083916 0.27415966386554624
0 0.576048951048951 0.36239495798319327 0.021853146853146852 0.17647058823529413
0 0.6368006993006993 0.328781512605042 0.028846153846153848 0.15546218487394958
0 0.6363636363636364 0.4059873949579832 0.02972027972027972 0.19012605042016806
0 0.6962412587412588 0.4952731092436975 0.03146853146853147 0.2510504201680672
0 0.878277972027972 0.6276260504201681 0.042395104895104896 0.2930672268907563
0 0.902534965034965 0.25892857142857145 0.012237762237762238 0.07878151260504201
0 0.023382867132867132 0.08560924369747899 0.012674825174825174 0.05567226890756303
0 0.06293706293706294 0.0861344537815126 0.013111888111888112 0.05672268907563025
