0 0.6105072463768116 0.1423076923076923 0.018115942028985508 0.09615384615384616
0 0.4945652173913043 0.1201923076923077 0.014492753623188406 0.07692307692307693
0 0.4379528985507246 0.16009615384615383 0.024456521739130436 0.10096153846153846
0 0.264945652173913 0.13173076923076923 0.019021739130434784 0.09423076923076923
0 0.2572463768115942 0.17548076923076922 0.021739130434782608 0.10096153846153846
0 0.029891304347826088 0.18461538461538463 0.019927536231884056 0.10384615384615385
0 0.06476449275362318 0.19759615384615384 0.024456521739130436 0.10480769230769231
0 0.1068840579710145 0.23701923076923076 0.025362318840579712 0.12211538461538461
0 0.1671195652173913 0.2668269230769231 0.03351449275362319 0.14134615384615384
0 0.2586050724637681 0.33413461538461536 0.03894927536231884 0.16442307692307692
0 0.3795289855072464 0.41634615384615387 0.036231884057971016 0.19807692307692307
0 0.5729166666666666 0.5504807692307693 0.0552536231884058 0.2605769230769231
0 0.8881340579710145 0.7802884615384615 0.07336956521739131 0.34134615384615385
