0 0.7006950477845352 0.5454924874791319 0.038227628149435276 0.3080133555926544
0 0.8264552562988705 0.4574290484140234 0.0369244135534318 0.2604340567612688
0 0.76498696785404 0.44407345575959933 0.4622067767158992 0.08180300500834725
0 0.5469157254561251 0.6548414023372288 0.04083405734144222 0.3280467445742905
0 0.3266724587315378 0.7888146911519198 0.05386620330147698 0.4040066777963272
0 0.05799304952215465 0.23831385642737896 0.02736750651607298 0.18614357262103506
0 0.22089487402258906 0.2303839732888147 0.023023457862728063 0.17696160267111852
0 0.3703301476976542 0.2262103505843072 0.025629887054735012 0.15692821368948248
0 0.5062988705473501 0.21118530884808012 0.026498696785403997 0.1636060100166945
0 0.6368375325803649 0.2157762938230384 0.01998262380538662 0.15943238731218698
0 0.3210251954821894 0.11352253756260434 0.018245004344048653 0.1001669449081803
0 0.24022589052997392 0.10893155258764607 0.021720243266724587 0.09098497495826377
0 0.1424847958297133 0.10642737896494157 0.018245004344048653 0.09265442404006678
0 0.043874891398783665 0.10726210350584307 0.01998262380538662 0.10267111853088481
