0 0.589340490797546 0.47943722943722944 0.023773006134969327 0.19264069264069264
0 0.4217791411042945 0.4935064935064935 0.024539877300613498 0.23376623376623376
0 0.2618865030674847 0.5054112554112554 0.03144171779141104 0.21861471861471862
0 0.1142638036809816 0.4588744588744589 0.024539877300613498 0.23376623376623376
0 0.1851993865030675 0.3430735930735931 0.02530674846625767 0.16233766233766234
0 0.3531441717791411 0.3430735930735931 0.023773006134969327 0.18398268398268397
0 0.5038343558282209 0.3235930735930736 0.019938650306748466 0.14935064935064934
0 0.5747699386503068 0.30194805194805197 0.023773006134969327 0.15367965367965367
0 0.745782208588957 0.45454545454545453 0.02223926380368098 0.22510822510822512
0 0.8983895705521472 0.420995670995671 0.02530674846625767 0.22294372294372294
