0 0.5580404685835996 0.6224719101123596 0.042598509052183174 0.35730337078651686
0 0.8059105431309904 0.48651685393258426 0.03887113951011715 0.31685393258426964
0 0.9696485623003195 0.3853932584269663 0.03514376996805112 0.28314606741573034
0 0.7667731629392971 0.15280898876404495 0.0308839190628328 0.18651685393258427
0 0.9294462193823216 0.14101123595505619 0.028221512247071354 0.1898876404494382
0 0.6120873269435569 0.15280898876404495 0.027156549520766772 0.1707865168539326
0 0.4643237486687966 0.17134831460674158 0.03301384451544196 0.17640449438202246
0 0.2356230031948882 0.19325842696629214 0.036741214057507986 0.1662921348314607
0 0.13152289669861555 0.18932584269662922 0.03194888178913738 0.15617977528089888
0 0.051118210862619806 0.18820224719101122 0.0362087326943557 0.15617977528089888
0 0.2547923322683706 0.7730337078651686 0.056975505857294995 0.40898876404494383
