0 0.09969635627530364 0.7685688405797102 0.06680161943319839 0.2907608695652174
0 0.2532894736842105 0.6748188405797102 0.03390688259109312 0.2753623188405797
0 0.3684210526315789 0.5960144927536232 0.03744939271255061 0.2427536231884058
0 0.4600202429149798 0.5362318840579711 0.03340080971659919 0.21195652173913043
0 0.5369433198380567 0.490036231884058 0.02125506072874494 0.19202898550724637
0 0.5855263157894737 0.4483695652173913 0.019230769230769232 0.17028985507246377
0 0.6346153846153846 0.41938405797101447 0.016194331983805668 0.14855072463768115
0 0.6761133603238867 0.3917572463768116 0.015182186234817813 0.15307971014492755
0 0.7062246963562753 0.37228260869565216 0.014676113360323886 0.14673913043478262
0 0.5521255060728745 0.36277173913043476 0.019230769230769232 0.14402173913043478
0 0.4172570850202429 0.3541666666666667 0.016700404858299597 0.13949275362318841
0 0.7940283400809717 0.2930253623188406 0.019230769230769232 0.10054347826086957
0 0.8805668016194332 0.2930253623188406 0.016194331983805668 0.10054347826086957
