0 0.20361990950226244 0.1450795947901592 0.026018099547511313 0.10781476121562952
0 0.12217194570135746 0.1150506512301013 0.019230769230769232 0.09406657018813314
0 0.03591628959276018 0.1613603473227207 0.02092760180995475 0.11577424023154848
0 0.04779411764705882 0.18053545586107092 0.022058823529411766 0.12662807525325614
0 0.06363122171945701 0.1979015918958032 0.02092760180995475 0.12083936324167872
0 0.08710407239819004 0.2272069464544139 0.021493212669683258 0.1389290882778582
0 0.1080316742081448 0.26845151953690305 0.029411764705882353 0.16208393632416787
0 0.13914027149321267 0.3107814761215629 0.02828054298642534 0.17293777134587554
0 0.1880656108597285 0.3675832127351664 0.02771493212669683 0.19681620839363242
0 0.25141402714932126 0.45260492040520983 0.0333710407239819 0.23950795947901593
0 0.3167420814479638 0.5531837916063675 0.03959276018099547 0.26410998552821996
0 0.4561651583710407 0.7145441389290883 0.05373303167420815 0.3031837916063676
0 0.9335407239819005 0.7557887120115774 0.034502262443438916 0.36107091172214184
