0 0.07209944751381216 0.7841225626740947 0.03149171270718232 0.30362116991643456
0 0.30386740331491713 0.6768802228412256 0.02983425414364641 0.2646239554317549
0 0.4776243093922652 0.6065459610027855 0.02154696132596685 0.2381615598885794
0 0.6116022099447513 0.552924791086351 0.028729281767955802 0.20612813370473537
0 0.7049723756906078 0.5215877437325905 0.019889502762430938 0.17688022284122562
0 0.7767955801104972 0.5041782729805014 0.013259668508287293 0.1671309192200557
0 0.8397790055248618 0.48259052924791085 0.015469613259668509 0.16295264623955433
0 0.8914364640883978 0.46518105849582175 0.014917127071823204 0.14484679665738162
0 0.9389502762430939 0.44220055710306405 0.010497237569060774 0.09610027855153204
0 0.7834254143646409 0.387883008356546 0.015469613259668509 0.10724233983286909
0 0.6922651933701658 0.362116991643454 0.014364640883977901 0.11142061281337047
0 0.6193370165745856 0.3342618384401114 0.011049723756906077 0.10306406685236769
